3
4
0.1 0.2 0.2
0.3642 -0.7867 0.4992
0.5 0.25 0.25
0.2477 0.8052 -0.5388
0.25 0.5 0.3
-0.6875 -0.3048 0.6591
0.33 0.33 0.5
0.8801 -0.4676 0.0825
4
1 2 3
1 2 4
1 3 4
2 3 4
4
0.6 0.6 0.6
0.6667 -0.6667 0.3333
0.7 0.6 0.6
0.3714 0.7428 -0.5571
0.6 0.7 0.6
-0.7428 -0.3714 0.5571
0.7 0.7 0.8
0.9701 0 -0.2425
4
1 2 3
1 2 4
1 3 4
2 3 4
4
0.87 0.84 0.84
0.9183 -0.3532 -0.1787
0.74 0.75 0.84
-0.3694 0.8972 0.2421
0.95 0.8 0.84
0.0343 -0.9941 -0.1028
0.72 0.87 0.5
0.4456 0.8912 0.0852
4
1 2 3
1 2 4
1 3 4
2 3 4